9.343525423345528935e-01 2.111268048389109353e+01 1.192790348348544915e+00
1.413675425665575469e+00 2.102774800034235625e+01 2.662259111843185533e+00
4.350784242542210523e-02 2.037138261195745415e+01 3.951580914592544236e+00
9.734618297053863056e-01 2.062051831108615119e+01 3.922478995773457378e+00
7.036035716732456091e-01 1.908304629016364018e+01 5.722816808893274043e+00
8.609117818921512288e-01 1.803380750306292057e+01 6.306200005607931480e+00
4.192235490166654754e-01 1.855801155869010444e+01 8.105413683478577269e+00
2.394063185370573499e-01 1.743061850573414517e+01 8.026465952278650562e+00
9.261787806991750305e-01 1.537397453193065466e+01 8.554089923357262037e+00
1.307107117086423020e+00 1.436201800496661640e+01 9.467347983995221483e+00
1.473631663238887946e+00 1.415388751446553073e+01 1.002063628198699519e+01
1.442216983425125276e+00 1.240483415364001019e+01 1.088856355002038967e+01
3.071692718006892586e-01 1.173197977734855080e+01 1.103082507366724130e+01
1.449846468475793237e+00 1.038038225728790209e+01 1.040197447627278393e+01
5.417849020835762142e-01 8.023724746131474461e+00 9.967831986129260358e+00
9.770957006351438379e-02 6.998388106941118458e+00 1.028934921660908586e+01
5.074679061535136704e-03 6.391518471913185451e+00 9.372838356171797614e+00
4.649368974046931835e-01 5.506610510748911835e+00 8.922840325914620507e+00
4.736896587696660665e-01 3.998818676742130762e+00 8.459783671964521190e+00
8.550139430368491889e-02 3.848189761025010647e+00 6.516582297956968972e+00
1.124692533436909780e+00 2.886440285163790698e+00 5.482450315173284849e+00
1.181607455970651310e+00 1.539588034738600397e+00 5.206615634760893840e+00
1.361758022929265843e-02 5.795332079417254700e-01 3.422461412162780103e+00
1.432769849386749561e+00 4.791909358588589685e-01 3.045190905690701832e+00
1.394482979396281630e+00 1.433611816638184822e+00 1.157274919386650280e+00
5.321898075868682909e-01 8.075988035363157458e-01 5.227023222413675896e-01
1.620793035972493690e-01 1.307005514816339531e+00 -7.157462706267194719e-01
1.289541478781370154e+00 5.643898998075527196e-01 -1.732381902672926355e+00
1.367697962576528981e-01 1.501422124232141275e+00 -3.422596084036643393e+00
1.377130778299968217e+00 2.129058241020359343e+00 -4.069052582963799125e+00
8.177160556473583863e-01 2.854215970323014329e+00 -6.007083974582815955e+00
2.662166632574828329e-01 3.394285445717689420e+00 -7.179477903818280105e+00
1.033761881023312679e+00 5.773923620583355287e+00 -7.959428349332631214e+00
7.282824532268439288e-02 6.854665760768047456e+00 -8.065696951688748229e+00
6.088320318441071688e-01 6.902354361568349361e+00 -8.493743889457658014e+00
1.239443267697939888e+00 8.458288312672850751e+00 -9.116643198950850291e+00
8.356084651184014778e-02 1.041387376358616201e+01 -9.904709299538067668e+00
7.403462976312482624e-01 1.157815969746874707e+01 -9.799004421277198063e+00
1.097496635065014825e+00 1.302069679426663029e+01 -8.926218894004911419e+00
1.182014324670535466e+00 1.300522178085620872e+01 -8.934845744465953032e+00
2.238680168103867607e-01 1.531493427673197338e+01 -8.701906840840171853e+00
6.797323702499642462e-01 1.668287560520944623e+01 -7.273048623712851324e+00
1.464011354619946470e+00 1.691520800297476868e+01 -7.086076326847445372e+00
1.094257529650281224e+00 1.790205717619499737e+01 -6.520291580314406588e+00
6.056841228365204000e-01 1.823389576243253529e+01 -5.415604183234089319e+00
1.482581550610272192e+00 2.015291086645833829e+01 -3.966728063607127819e+00
7.489836759991823634e-01 1.977688571386995520e+01 -3.618963924385254938e+00
4.084652012047789160e-01 2.084597708697503649e+01 -1.235465628929130366e+00
5.419893495340881717e-01 2.109693400768320615e+01 -1.164244786671040366e-01
1.041895124176341669e+00 2.099602766745893589e+01 1.139458104659231585e+00
7.385550511532156470e+00 1.985055677672822583e+01 4.212780837181860361e-01
7.540850895760954131e+00 1.987132499118409967e+01 2.315096051378610742e+00
7.169322778920895090e+00 1.990484598725362630e+01 3.511084063046935544e+00
7.461434694772029808e+00 1.812446556300139022e+01 4.573156386936608975e+00
6.776325345961120128e+00 1.859210815989012744e+01 5.601584003345248419e+00
7.386216952926990764e+00 1.789890629082369600e+01 7.177544224924692351e+00
6.398927672081494045e+00 1.711329665167781400e+01 8.063566535105724853e+00
6.794945149576653520e+00 1.578088159442309291e+01 9.082634205490478507e+00
6.498075317073702450e+00 1.530072835428353173e+01 1.001561091250637148e+01
6.239416719026960045e+00 1.397785455902175933e+01 9.938136351312216732e+00
4.642602019348970543e+00 1.332554136556184510e+01 1.099275106707935734e+01
4.681923622301375154e+00 1.193381302153584933e+01 1.095134754803063970e+01
4.625354423156052164e+00 9.955852649098542173e+00 1.116541960434666514e+01
3.963051292767783007e+00 9.492939262915284004e+00 1.058497917533641086e+01
3.594740656196140804e+00 8.467970530635739124e+00 1.070457912440849846e+01
3.319605090993412944e+00 6.192989300301010580e+00 9.624718822183547573e+00
2.499829933323550968e+00 6.025663621224942368e+00 9.194550310195204190e+00
2.492383060275733975e+00 4.967085913409519549e+00 8.264515104041342042e+00
1.828175221644997128e+00 3.418728246079241195e+00 7.483994486899002929e+00
1.016193202362733583e+00 2.717700988521932093e+00 6.754604772902768062e+00
8.438114483976725255e-01 1.574960456270910747e+00 6.153344257760741343e+00
9.091546955463885027e-01 1.848279166706241483e+00 5.224083994415277488e+00
5.310092215858092102e-01 1.833492870680295983e+00 3.152073103922389041e+00
6.711350204635047056e-01 5.910793472646430624e-01 2.526649759102910675e+00
1.796388284381258971e-01 1.266362082340399375e+00 1.201521683702404308e+00
6.112033654126103333e-02 9.396531294903638365e-01 -4.984697039409907715e-01
8.809026924420646498e-01 6.823472097549991844e-01 -1.040241929733377146e+00
1.611690362682195232e+00 1.706502385732756144e+00 -2.522429290106336541e+00
1.558191195047364586e+00 1.894033053254021493e+00 -3.784673311589845657e+00
7.669400265589857435e-01 2.415380593995820391e+00 -4.609560304405508013e+00
2.251721761842540914e+00 3.693670103775495761e+00 -5.569369113420882478e+00
1.647471088150882501e+00 4.419564851239692338e+00 -7.401358753335579799e+00
1.625324721441860465e+00 4.869506190535801693e+00 -7.278970487395479694e+00
2.049278036423998639e+00 5.994672469621146860e+00 -7.529070393228219693e+00
2.802755835057384903e+00 6.799081966924166665e+00 -9.045180423800079694e+00
3.096376888553987961e+00 8.764595353265393740e+00 -9.179608321133564175e+00
4.533491987515377630e+00 9.865225819828937759e+00 -9.060076162189556470e+00
3.919561265836245312e+00 1.116958336078241665e+01 -9.250403904774254116e+00
4.589302795827686410e+00 1.137540346702087390e+01 -8.395403064545417848e+00
5.130975169253107815e+00 1.250020847192124407e+01 -8.871274980727752890e+00
4.987471022170721469e+00 1.413317534666359521e+01 -8.478924779510339960e+00
5.632863087132715663e+00 1.544078236436171814e+01 -7.311219674152265924e+00
5.572467092190235505e+00 1.605466084478391764e+01 -7.407633395434174872e+00
7.279980607954490424e+00 1.732006289970111013e+01 -6.588335233012379888e+00
6.562730218859692322e+00 1.715989935853325221e+01 -4.497867498736566105e+00
6.840069296756789541e+00 1.849670016042076170e+01 -4.195228382345857376e+00
7.557758397386705518e+00 1.901287516347930762e+01 -2.637460191102635854e+00
6.905813200580624311e+00 1.962712267620888795e+01 -2.085511200634200257e+00
7.612569939945291075e+00 1.922088624995404516e+01 -8.335383679488106434e-01
7.635204128086836128e+00 1.949035752661266585e+01 5.415590742427249804e-01
1.397327797034769326e+01 1.620709590798474053e+01 5.464337024282073241e-02
1.318161384157936133e+01 1.594141730331055129e+01 2.653631446549530537e+00
1.397743848936531386e+01 1.588874140875122976e+01 2.558386613694579648e+00
1.355355616265638119e+01 1.540263604314335844e+01 4.616132728131644214e+00
1.309087659329880360e+01 1.528348596439601081e+01 5.629994112886064883e+00
1.294683652948637054e+01 1.437783867377635261e+01 6.568903840911012537e+00
1.232318879491143271e+01 1.345802194799938789e+01 7.401498404965376032e+00
1.168062660123994334e+01 1.253573483081872020e+01 9.072732773141170881e+00
1.080197152570932140e+01 1.228079204569789162e+01 8.980969251206456505e+00
1.020086700620444375e+01 1.212727816393362446e+01 9.358152496853490376e+00
8.974403086372765515e+00 1.066369520658301973e+01 1.033320141487991428e+01
7.949869956515570379e+00 9.113342179244314778e+00 1.075059619352865958e+01
7.851634227118142739e+00 8.008602729502722894e+00 1.033989104970200579e+01
7.040042587395713092e+00 8.112491136162343963e+00 1.094919323772353614e+01
5.035869115502062954e+00 7.039733060398458697e+00 1.121730810754996455e+01
5.705414035679602591e+00 6.066666848650072552e+00 9.458023605925603761e+00
4.717831234323620393e+00 4.446043725448554085e+00 9.834599198506206008e+00
4.178748611778447142e+00 4.346441596960978870e+00 8.403661379944455945e+00
2.545148637994515184e+00 3.887317558446481414e+00 7.627374979354619278e+00
2.449313730990587246e+00 2.448334352404454517e+00 6.724053792907406013e+00
1.974357169847644533e+00 1.305661403905814977e+00 5.617671089933521600e+00
1.205358430737780706e+00 8.666283949056702296e-01 4.425179259193606107e+00
1.190346907744973981e+00 1.503762056189842378e+00 4.468767858357503897e+00
3.200347634853730194e-01 7.887708068984253806e-01 2.383440716915970814e+00
9.135332045466764139e-01 7.501088479208121163e-01 2.048509218297506873e+00
5.745040685299097616e-01 9.936603529656790057e-02 4.052422185195383442e-01
3.451992658826920080e-01 1.088283952283839229e+00 -1.152820131805408099e+00
1.693097157215931903e+00 1.222591920654763076e+00 -2.219765440685328883e+00
1.031429931340815731e+00 1.586135433004561834e+00 -3.957552005023670993e+00
2.166617521665362478e+00 2.015810633442672639e+00 -5.254677736310656044e+00
1.885026292130980163e+00 2.384251167185612807e+00 -5.377154613655928728e+00
2.375389857232802715e+00 3.580265284182686525e+00 -6.420259356841357956e+00
2.878246126690218176e+00 4.279706371876920379e+00 -8.064955134029180073e+00
3.641924716044347754e+00 5.008156949108683698e+00 -8.508115421182079530e+00
5.523302292483243114e+00 5.735496518564568547e+00 -8.899754866296637701e+00
6.192234478775654694e+00 6.000026648955901543e+00 -8.661769135231894623e+00
5.891140772015331706e+00 7.151066970366242614e+00 -8.525728931598106186e+00
7.655568500381797037e+00 8.240605796381187176e+00 -9.820745501161109559e+00
8.912810646140373549e+00 9.880644685652608672e+00 -8.640923560496453604e+00
8.466432004559971247e+00 1.077724840821945484e+01 -9.055231136519159563e+00
9.382301538653299744e+00 1.126116235864583892e+01 -8.223490175597678586e+00
1.028304690589728665e+01 1.221018381869853897e+01 -8.346789524541176064e+00
1.168224206890881334e+01 1.340848795914163283e+01 -6.611560047494597470e+00
1.169542846180891082e+01 1.444068391568655763e+01 -6.180588684662614796e+00
1.246820377560609394e+01 1.465951662848544501e+01 -4.870865264410182860e+00
1.262186961655292983e+01 1.448063107314316689e+01 -4.857427134494425758e+00
1.268959344218849239e+01 1.482021841603753565e+01 -2.418783869423487332e+00
1.336701572882461697e+01 1.621087403147009454e+01 -2.535886390885071062e+00
1.350825926520758458e+01 1.659266204702510450e+01 -3.495735463593949710e-01
1.349871945126689710e+01 1.601924910204065000e+01 1.496226734474491171e-01
1.755251796696067856e+01 1.023856153791238377e+01 5.619511403411685535e-01
1.782789373105971009e+01 1.127946431373591629e+01 1.506942494749464734e+00
1.741837393337302586e+01 1.025262180226659581e+01 2.778852050131158435e+00
1.711816807471150170e+01 9.987335477994990995e+00 4.475723938847202099e+00
1.625423862750708892e+01 1.074337327319924107e+01 5.460627560846516459e+00
1.700761266886413381e+01 1.003863948292624464e+01 6.991825916909014005e+00
1.558893951298125380e+01 1.000985331189574445e+01 7.133695439923367410e+00
1.506268231607051789e+01 8.554100013256555002e+00 8.830012942978971324e+00
1.424361237519944012e+01 7.836805754929153878e+00 8.852961284923631879e+00
1.220317610701545519e+01 7.369625424708163841e+00 9.261431217814987349e+00
1.172594136708320178e+01 7.883029145857473274e+00 1.013305819357165838e+01
1.051018864378091244e+01 6.500054903658356587e+00 1.029653264603818741e+01
1.003635039856253108e+01 6.237150485101891739e+00 1.023989197776834814e+01
8.189469979238987563e+00 5.528164445967098217e+00 1.136451381409801087e+01
7.701976659506070355e+00 4.533367269853954440e+00 1.121242662351091113e+01
5.678713957510384880e+00 3.364475015583855200e+00 1.055357919331364513e+01
5.269808150368200828e+00 2.754731036009320899e+00 9.688617480776514412e+00
5.189986772608683019e+00 2.917826641239762875e+00 8.726742496458195220e+00
2.978679530527987840e+00 1.745323097253118405e+00 8.750967910611521461e+00
2.802678913050459908e+00 2.596374538328189985e+00 6.562926184066824042e+00
1.767393570224831123e+00 8.852460886097290871e-01 6.051327381463094568e+00
9.478428827998043316e-01 8.783007339177081318e-01 4.950045328392455701e+00
9.001135047564846614e-01 3.317330723036290840e-01 3.207489012910380577e+00
1.617139418274105900e+00 3.612838782289202744e-01 2.674530053733056967e+00
6.213297008412190792e-01 8.072366635165788562e-01 7.672418242180101267e-01
4.886253155018274175e-01 1.722436600561412234e-01 1.722034245359429505e-01
1.541656166547168194e+00 9.896339801577933581e-01 -6.264360265711286235e-01
7.628048101605058307e-01 2.808336698729060332e-01 -2.341632555694644680e+00
1.587444806793922414e+00 1.352288718590183070e+00 -3.773894407015735197e+00
2.339847052172729924e+00 1.898017417687825947e+00 -4.085850989204455885e+00
2.527355059371365176e+00 1.866333139701367827e+00 -5.242660365502898046e+00
3.173917847010984783e+00 1.812025778679685617e+00 -6.935203655314149174e+00
3.837030432250702283e+00 3.298024144265741420e+00 -6.972566028703100827e+00
5.123868933935968428e+00 2.882028837945250999e+00 -8.743015619145223738e+00
6.036579260169127714e+00 3.399661801927477356e+00 -8.741709054417794889e+00
7.598640422779030956e+00 4.255474988173514106e+00 -9.657115620592895411e+00
8.879573827589748447e+00 4.591931538211794006e+00 -9.654010219072517884e+00
9.366856308583290769e+00 5.720901898523504059e+00 -9.847065705432878957e+00
1.067329664153713864e+01 6.268893693178068105e+00 -8.743342029116027092e+00
1.195846146407517807e+01 7.766772904124595200e+00 -8.605531357241471113e+00
1.330535868408331979e+01 7.886010108688016551e+00 -8.480852327807410163e+00
1.437486640403358784e+01 8.575150693398919444e+00 -7.119280756519209774e+00
1.515186438808681402e+01 9.169214102064371374e+00 -7.416772532444464439e+00
1.609945591014962929e+01 9.165354711896657847e+00 -6.761458706338206781e+00
1.569959291063462636e+01 9.261112241319093386e+00 -5.587217284049684984e+00
1.721994024457196204e+01 9.784875312505523226e+00 -4.811890340472163352e+00
1.783327025629857587e+01 1.047042131515138763e+01 -3.711461627485248105e+00
1.711321913511079629e+01 1.003165162247091047e+01 -2.000823265591733957e+00
1.853910473504777556e+01 1.138277969114044552e+01 -3.607690186716316916e-01
1.766715379071053249e+01 1.064335484570253598e+01 5.436168596280903653e-01
2.019171312867879209e+01 3.491632422811221659e+00 8.766291732252732283e-01
2.085568702312969691e+01 4.548956797627287330e+00 1.421717155322956394e+00
2.016954076983183697e+01 3.672964812513444421e+00 3.600697336399882431e+00
1.964574845867462116e+01 4.753862190927544695e+00 4.944833595506332280e+00
1.860619589378035954e+01 3.725123097159761087e+00 6.279662881339657332e+00
1.843195669795591840e+01 3.779353671929844616e+00 6.643242351909735888e+00
1.807368903654011660e+01 4.388326738137340755e+00 7.755727233159642964e+00
1.744275126518847330e+01 3.713183713793227980e+00 7.973659398016527788e+00
1.617463603123067628e+01 3.265846951080944027e+00 8.629894561868429292e+00
1.530143022959960852e+01 2.488686605216979597e+00 1.000961234056029880e+01
1.337311869987195401e+01 3.553242538609254986e+00 1.017575530416123364e+01
1.174325935382086961e+01 2.429191176558005871e+00 1.017355246010121306e+01
1.100737274808841981e+01 2.327622617609530487e+00 1.112148237031398423e+01
9.264772655172246019e+00 2.097395879012545095e+00 1.032614995619889164e+01
9.130305006930601763e+00 2.610393103254241787e+00 1.102403038338852959e+01
7.374127000408233990e+00 1.738047718378731288e+00 9.599265447161187126e+00
6.540483103195429138e+00 1.668461976481840470e+00 8.922609076784951299e+00
4.468162386640210038e+00 8.910917300345396752e-01 9.278260206644102226e+00
4.577478770926719065e+00 8.680190535786171946e-01 8.598335163228007616e+00
2.835389429587746868e+00 1.438600065969094288e+00 7.776963027072106627e+00
2.529175967397204516e+00 1.481713041435932743e+00 6.020002028978225894e+00
9.903894564455053562e-01 9.395813718464764985e-01 5.218852529201270407e+00
7.788123020752624193e-01 6.721051286354928767e-01 3.626948613595101900e+00
2.221808242508602760e-01 5.001382199429835751e-01 2.485841442426420578e+00
7.343877451970797221e-01 1.058588236135270977e+00 1.239359209368675829e+00
1.493815008508668551e+00 1.226860115489059710e+00 7.451303662317272369e-01
1.220816436089218193e+00 1.037285874694748644e+00 -1.106508531413965546e+00
1.699725673557153094e+00 6.326601933445266113e-01 -2.260748400854715179e+00
1.994458818278491474e+00 9.552780904065087952e-01 -3.912579110826854834e+00
1.711141779725277479e+00 4.120604308816299688e-01 -4.921548384694877321e+00
3.219893048056578166e+00 1.553663764605396347e+00 -5.410593836108703591e+00
3.687394996536093483e+00 1.962828066639705549e+00 -6.990881380920064281e+00
5.287929535851102258e+00 8.510611494712527758e-01 -7.071632326945012537e+00
6.297876132417863815e+00 2.368659120919633487e+00 -7.520264614004616988e+00
7.478407926398929817e+00 2.394143564931293433e+00 -8.276764476031338802e+00
8.573145507466048088e+00 1.663196331766680913e+00 -8.974243314790507853e+00
1.024663147215075654e+01 1.928368001411133736e+00 -8.491793965611202921e+00
1.097966131463034856e+01 2.382253361372013600e+00 -9.990422048054611537e+00
1.200508005953999913e+01 2.280824247664985815e+00 -8.892177664758671440e+00
1.399943211245771657e+01 3.595820989830293968e+00 -8.666383813545643022e+00
1.441441167557296055e+01 2.602737573962496942e+00 -8.110945990853794640e+00
1.578338038992473713e+01 3.709553180018524188e+00 -7.990401165848080467e+00
1.731840678897260588e+01 3.138222900407706462e+00 -7.359945109942625407e+00
1.732393201259306892e+01 3.917143157798578912e+00 -5.610934317758070833e+00
1.799159377302748197e+01 4.077333159872488011e+00 -4.831373625814181949e+00
1.876586478255473622e+01 3.343544042164400487e+00 -4.058336591401708660e+00
2.022183056023478542e+01 4.663932954210329385e+00 -2.660617103965702057e+00
1.999934579705787741e+01 4.054260760087529114e+00 -1.743391268676975692e+00
2.097240247760208831e+01 3.912192168091956912e+00 -8.576486290782272537e-01
2.060420766737901488e+01 4.922810975849366777e+00 2.808512384647308679e-01
1.974187333692185575e+01 -3.299569063726296658e+00 8.438628824988180233e-01
2.052047462555668389e+01 -3.182890474964241712e+00 1.564196322358511360e+00
2.026585407312798637e+01 -2.446633778762229205e+00 3.571883954006518369e+00
2.006981094889414408e+01 -3.253967653297668239e+00 4.479715448538264866e+00
1.968084286425189688e+01 -1.813695586049384190e+00 5.384844962365519905e+00
1.901596743167689141e+01 -2.160349930237207339e+00 7.371175503782217753e+00
1.726604137123465676e+01 -1.938680848856528804e+00 8.217904450067736732e+00
1.670331801031122154e+01 -2.667965786212140866e+00 8.108605977638367435e+00
1.518821694501011521e+01 -2.497416229828893997e+00 8.779362326217738044e+00
1.475801348467451746e+01 -2.282029134261141401e+00 1.028122687577265282e+01
1.375445160342513162e+01 -1.006006828541112341e+00 1.079224996780408397e+01
1.248947879912764947e+01 -6.275013203850337007e-01 1.130716950669412135e+01
1.110137413090216185e+01 -3.444948526058060345e-01 1.014984661792022358e+01
9.056758566834563595e+00 -1.473053370350033475e+00 1.026341841275417899e+01
8.218330657048904087e+00 -6.620674677691159582e-01 1.077002955861452271e+01
7.561292911952428142e+00 -1.011089530019718241e+00 9.989553958064112393e+00
6.108163874408497840e+00 -3.705195721759878547e-01 9.042316130907346761e+00
5.109456663709633695e+00 -1.813948274798329319e-01 9.227308178777514414e+00
3.970471529605276828e+00 8.750031998498359886e-01 8.820323386580007252e+00
2.457590578159603023e+00 7.254444044576402462e-01 7.564163673680264210e+00
2.038412663663502489e+00 -1.058860194437775126e-01 6.173869489509099751e+00
1.506475233661876079e+00 9.340083204267211059e-01 5.716425957683390457e+00
1.074843166139182404e+00 3.474248465099936123e-01 3.899223941835144203e+00
1.226905153467853449e+00 1.151477898184829263e+00 2.775107286749581625e+00
4.641884783287794081e-01 5.018519759842809957e-01 1.912722592633832264e+00
7.990996685735822780e-01 7.202431876080978013e-02 -9.562515495545098609e-03
5.383630501281106984e-01 9.672712779322073517e-01 -1.801522788406803910e+00
9.082632657460959491e-01 5.556620300370285204e-02 -2.434746547221539714e+00
2.452228440298364287e+00 6.400738036140645182e-01 -3.759407412423243944e+00
2.995389113479381304e+00 -1.434271037006929483e-01 -4.921694827514276227e+00
3.565468759418984668e+00 -4.065595934006085987e-01 -5.333417946262326126e+00
3.768771830474145990e+00 -5.444317274196529555e-01 -7.026499399653819644e+00
4.901174673509389734e+00 -1.687848606123483197e-01 -7.426570230638940728e+00
5.372654637195603655e+00 -6.054126275678406444e-01 -7.404539337548499134e+00
7.110859988294385481e+00 -4.289279402330762325e-01 -9.256661792386134735e+00
8.075414697677343767e+00 8.205242541239665677e-02 -8.718680915703966861e+00
9.664155037682634841e+00 -1.490246352883796810e+00 -9.364717336227444733e+00
1.133138394336448052e+01 -1.140095680504157771e+00 -9.104554020971121986e+00
1.277336671556621006e+01 -1.045923757816890287e+00 -8.918042507380601336e+00
1.270420589623552843e+01 -2.194829761245910227e+00 -8.432338843697991138e+00
1.445429837543116314e+01 -1.128068918416838429e+00 -7.905601628188094310e+00
1.632628107749076563e+01 -2.068852005296978547e+00 -7.052852175673237412e+00
1.712262261953539877e+01 -1.481491518779692651e+00 -7.595988583585928211e+00
1.809381347780719551e+01 -2.350680276917317180e+00 -5.498693335036658247e+00
1.923171970809946529e+01 -2.803076198750881876e+00 -5.348982476950350673e+00
1.883524924363779718e+01 -2.544755309129059118e+00 -4.477412679741712864e+00
1.997618548785033710e+01 -3.161052425843890568e+00 -3.498833099347982589e+00
2.006057033417138769e+01 -3.305311267692603749e+00 -1.964783232192124585e+00
2.096140696475772813e+01 -2.130715939767049427e+00 -9.839772028593550823e-01
1.972387810157765031e+01 -2.230527507626725026e+00 1.441164709452494863e+00
1.821887502008507553e+01 -9.795497013611827342e+00 3.548344605855012213e-01
1.862967727968204912e+01 -8.552602329208117027e+00 1.325421657900483385e+00
1.731447772566212606e+01 -9.192945539858039083e+00 2.936593716503868468e+00
1.781840511771085644e+01 -9.075170513833599628e+00 4.915448730473571004e+00
1.643406361995689480e+01 -8.579112569334306215e+00 6.369638216014954502e+00
1.665370775660119307e+01 -8.871974312896856674e+00 6.147580274289996538e+00
1.584660446411158929e+01 -8.029263510902104883e+00 7.509872238130163247e+00
1.477635818260667833e+01 -7.244896270470334798e+00 9.267095304008542200e+00
1.351103870920159267e+01 -6.738956536672385589e+00 8.946020027164257371e+00
1.298381458315525805e+01 -5.926743176972710359e+00 9.344523914257528929e+00
1.184606445268657104e+01 -5.363999762168914387e+00 9.598890069387904234e+00
1.119912644594866791e+01 -5.169719760518214358e+00 1.062806240471497610e+01
9.853585807759850823e+00 -3.970915802883610901e+00 1.007895141291855978e+01
8.579492909699521164e+00 -4.462449145291421004e+00 1.053202394927408037e+01
7.251796421406368154e+00 -3.855298356883891220e+00 1.019589567205050606e+01
6.344340397416603494e+00 -2.290859227178597024e+00 1.077187276580857755e+01
5.210233733331674166e+00 -1.892210039800917620e+00 9.935761156322408638e+00
5.111520879753055802e+00 -7.149355191847495128e-01 9.683761886307127753e+00
3.290616282991494224e+00 -1.388528726975852390e+00 8.800616179272321205e+00
2.182011461646989225e+00 -5.196840933095805415e-01 7.586598748349141275e+00
2.195309239923339373e+00 -2.264427754302817952e-01 6.842117854371300822e+00
1.306450448070811454e+00 3.324331291215212314e-01 5.583341821417969975e+00
6.481977051056639905e-01 2.717272761487555810e-01 3.892507940369368313e+00
1.008579635138100450e+00 2.188415348151565576e-01 2.592496293650967232e+00
1.075308666887040410e-01 1.216138421774274336e-01 1.153855833489712657e+00
2.334754844382276873e-01 1.441017928915191648e+00 -2.457491037250683630e-01
5.733170920176660079e-01 1.083333041224263882e+00 -7.998497868507219444e-01
8.343510886043570274e-01 9.890361434429568721e-01 -2.212496497438105170e+00
1.440552800206988726e+00 4.480603816119457239e-01 -3.970262838542576667e+00
1.797284799807090216e+00 5.052215406663296271e-01 -4.797386489652789798e+00
3.411862188128752305e+00 -9.273731632064730057e-01 -6.276330896351721478e+00
2.915886594394585085e+00 -5.289000410670863239e-01 -6.560952275046708415e+00
3.720049011688897789e+00 -2.074477069800073181e+00 -6.965646072401881383e+00
5.396120508720696485e+00 -1.380330494641987205e+00 -8.806341494907419687e+00
6.552587678754075107e+00 -3.096994114711736135e+00 -8.303002974210588860e+00
7.650151663265972068e+00 -2.969326609329527411e+00 -9.416997172412708395e+00
9.252202122795619488e+00 -4.353347443612410217e+00 -9.857729671956304784e+00
9.963901481062739762e+00 -5.021049384315413810e+00 -9.894610155254918382e+00
1.073286894558910554e+01 -4.824689777309638217e+00 -8.533713941403417991e+00
1.220563266681311987e+01 -6.318600443900049157e+00 -8.622001587543659085e+00
1.343122667458246866e+01 -6.843131353132086758e+00 -8.012377386533261259e+00
1.353764298708513358e+01 -7.143998918719840496e+00 -8.549179001480172957e+00
1.519715175812334884e+01 -7.343819623417036979e+00 -6.465364804940307408e+00
1.557963907092694811e+01 -8.358614879980541090e+00 -6.632220559547473471e+00
1.599573888259053689e+01 -7.586907652462038243e+00 -5.673235112932551338e+00
1.633840004103412369e+01 -8.827489034578091420e+00 -4.788500001557584262e+00
1.732539204253675180e+01 -8.702159481520228113e+00 -2.776734134485708161e+00
1.729948593617537966e+01 -9.628262801045055497e+00 -1.799737309936422225e+00
1.828020012049494625e+01 -9.288221740269699822e+00 -4.188629018348295485e-01
1.868870069272951184e+01 -9.782412974903133218e+00 4.017542030273416054e-01
1.359639523496859859e+01 -1.451671658920273522e+01 1.350277340598873055e+00
1.363593185484395320e+01 -1.426442410997653454e+01 1.908184434266633644e+00
1.382194707280548407e+01 -1.381645809043257600e+01 2.976948763553997068e+00
1.254771996330439876e+01 -1.437223469384882790e+01 4.289025471745283369e+00
1.336313348803985690e+01 -1.393823662666821939e+01 5.851244771933291844e+00
1.254021000223360360e+01 -1.236530731924707993e+01 6.155815120701324972e+00
1.220015943686993154e+01 -1.265870310919244979e+01 7.111256247897106419e+00
1.138364459070819379e+01 -1.117014439190766062e+01 8.692027727704966011e+00
9.834802091848477090e+00 -1.017337861080660133e+01 9.127618744377214099e+00
9.984242394538833665e+00 -9.675283013820559219e+00 9.535140639594208878e+00
8.869307176418447014e+00 -9.346084069872743427e+00 9.730567368716590337e+00
7.550397981636737477e+00 -7.807760314201518170e+00 1.048761840110364041e+01
7.938416287979652708e+00 -7.811899592058657582e+00 1.044700371221520285e+01
6.080867868175872104e+00 -5.509746875462717242e+00 1.113959783310302676e+01
6.342053805482601447e+00 -5.196270632291135172e+00 9.905546937591896750e+00
4.832134106516124739e+00 -4.675504007161565667e+00 9.425003588062258686e+00
4.302196644146249582e+00 -3.682226915055626826e+00 9.027776531875483457e+00
3.517730507062871048e+00 -1.878013298982847523e+00 9.620692207813871022e+00
2.805592247289952823e+00 -2.356193958200428540e+00 8.555842004175897131e+00
1.705601135472974983e+00 -1.021328704941233623e+00 6.607839952521159965e+00
2.521587459545014731e+00 -4.262294528290206941e-01 6.111563552350966155e+00
1.044831010257176951e+00 6.777869102454259220e-02 5.798252091082245485e+00
9.692735289823734002e-01 -7.637399966805363816e-02 3.923070471321540520e+00
1.495890006583790566e+00 4.313859753826368992e-01 2.862368118690107988e+00
1.391303112510890561e+00 4.727888780214274389e-01 1.857035269215773665e+00
8.067244741277157516e-01 1.934775499157224132e-01 -5.603325575494715327e-01
1.527028313151884698e+00 5.577263420979577946e-01 -1.246817864400005416e+00
1.703851115023359952e+00 4.707084254674118728e-01 -2.400825769371472518e+00
1.062766839787432582e+00 3.576189926127764096e-01 -3.954485026150974747e+00
1.746530997631555504e+00 -1.025161018316136374e-01 -4.548053590240549227e+00
1.734690228467916651e+00 -1.523347648048947622e+00 -5.439798459468352831e+00
3.199943316793539161e+00 -2.356390002253793803e+00 -5.906508976276128031e+00
2.950457057088040180e+00 -3.026222673972345678e+00 -8.067120348866199109e+00
4.124324620219686821e+00 -3.187754398588679816e+00 -7.580041046905401814e+00
4.452668873691578710e+00 -3.966700367674015126e+00 -9.226848141295612038e+00
5.868110723912835169e+00 -5.578018151280108583e+00 -9.214875286979149038e+00
5.889389062594410085e+00 -5.843958216073071199e+00 -9.770357825435562305e+00
7.780134670537657726e+00 -7.401268272422873551e+00 -9.107289242266334739e+00
8.412400230137013324e+00 -8.149986742690256136e+00 -8.561265536746258675e+00
9.635960316450089991e+00 -9.416946694038456300e+00 -9.085987991283680287e+00
1.034518890401120217e+01 -1.056202722888345136e+01 -8.514035163191646660e+00
1.038200848913596452e+01 -1.016699232445080980e+01 -8.359060859139535893e+00
1.141819173238804730e+01 -1.130111411899462048e+01 -6.725872326702365456e+00
1.104690556540998436e+01 -1.174784290899966877e+01 -6.488159314297774927e+00
1.285886010259009637e+01 -1.280761930501493140e+01 -5.349893538068553944e+00
1.328511062143912191e+01 -1.332146826309268661e+01 -4.397407973744241971e+00
1.348373573308565554e+01 -1.400330931721258310e+01 -2.685329175360227971e+00
1.356709170307852119e+01 -1.387632647420485554e+01 -2.297582120640664360e+00
1.354478967069265494e+01 -1.525618043328143614e+01 -9.255291759752282132e-02
1.401301149556120862e+01 -1.406524268157270363e+01 6.475872055481418643e-02
7.643253738814751230e+00 -1.807595939672058805e+01 1.792438000837278667e-01
7.116184117436342049e+00 -1.725517061306992872e+01 2.557730498200534441e+00
7.085810108102628568e+00 -1.724284327395165661e+01 3.513034721050639408e+00
7.167798617492644020e+00 -1.713999641369057514e+01 4.096179994576733208e+00
6.810924295447752463e+00 -1.756950718337782646e+01 5.892144263168555440e+00
7.033310571959850321e+00 -1.581263355264284520e+01 6.736780125750614800e+00
6.529398525100763351e+00 -1.568758016694575552e+01 8.059794792183817336e+00
6.111853782716829109e+00 -1.436068582333972188e+01 8.954744497422659322e+00
5.860007239929810652e+00 -1.323901049563691679e+01 8.643752023577134125e+00
5.195360458399756354e+00 -1.193969332433925601e+01 9.365305884149796256e+00
4.478593881745332794e+00 -1.204889605662511620e+01 1.073582299572958121e+01
4.125517052328736334e+00 -1.020952902864942224e+01 1.052946032417591660e+01
4.734188921376597747e+00 -8.983182530894675111e+00 1.077752766884536584e+01
3.128980035647462188e+00 -7.301707639971431796e+00 1.110488511849795046e+01
3.594393655597976078e+00 -6.053692699704307678e+00 1.067038262840093665e+01
3.313000407359317112e+00 -4.875095187455466217e+00 1.031072220488791480e+01
1.868642382905563615e+00 -3.723716713458400385e+00 1.035027691149119278e+01
1.765434509795846818e+00 -3.921681109490087636e+00 8.711659152864422495e+00
1.271000496794133516e+00 -2.525334982262170680e+00 7.536577297871136061e+00
1.146190097609974146e+00 -2.236733850542617308e+00 7.125291563718987753e+00
1.003781821005929942e+00 -4.282917805017332213e-01 6.038467403046864135e+00
5.877430424149602262e-01 4.995063417746834489e-01 5.680562051987813277e+00
1.208078555562616341e+00 -1.531783353388384006e-01 3.755013300647822128e+00
7.395686799337485295e-01 4.397815068632062729e-01 1.951082141919440627e+00
6.905887251160411910e-01 1.132193692816691133e+00 1.680861354723798051e+00
1.297457405463001479e+00 1.005097543476770605e+00 5.034058358923148013e-01
1.369169682627229934e+00 1.202435145974292130e+00 -7.220232158912804898e-01
7.983781876207343142e-01 5.109170116760792801e-01 -2.163697511937723750e+00
1.662789504091772175e+00 1.398131567654710139e-01 -3.673723643318498322e+00
8.399010855389097419e-01 -1.030279354261032676e+00 -5.079822117669550607e+00
1.838768869372800596e+00 -1.087585095625712039e+00 -6.194162761429121922e+00
1.921006654354219911e+00 -1.818953106909027895e+00 -6.854335968259674949e+00
1.605508152007613987e+00 -3.112384947772599997e+00 -7.658133183294999036e+00
2.054026410295799909e+00 -4.618455375647323002e+00 -8.855662540803209026e+00
2.462306825328500093e+00 -5.513550316535681617e+00 -9.227281536596969147e+00
2.668140607666110498e+00 -6.480959768535806909e+00 -8.312646445820409014e+00
4.342797734108421182e+00 -8.005372758330452143e+00 -8.567098144879267352e+00
3.649572048168412408e+00 -9.472481324436083483e+00 -9.984671567197345610e+00
4.053790442011741213e+00 -9.993953190405868270e+00 -8.736347698423642782e+00
5.109846250297920278e+00 -1.086561733898056303e+01 -8.909786407523135665e+00
6.182729851941200394e+00 -1.228862401887520051e+01 -8.338701550203392543e+00
5.449237497298980770e+00 -1.362846627417437695e+01 -7.890934062712503305e+00
6.786856273359461511e+00 -1.491138400388079788e+01 -7.376329648446105836e+00
7.102003433878519623e+00 -1.604084096845313567e+01 -6.151371756839347782e+00
6.490634130770690291e+00 -1.592998842557059014e+01 -5.089489381635543097e+00
6.541754899594258710e+00 -1.648927304932674076e+01 -4.296231314061358830e+00
7.071472422037570205e+00 -1.682226547758781976e+01 -2.584536998124379981e+00
7.192852845000508921e+00 -1.746992868497946461e+01 -2.351309121405992020e+00
7.590643967345277687e+00 -1.859294612368992361e+01 -3.176273982029391707e-01
8.214418343234298092e+00 -1.783935413865289732e+01 6.103901364380986266e-02
7.696985663429478652e-01 -1.929573588576399246e+01 6.645759825089483375e-01
2.267301949582338771e-01 -1.950056840226320887e+01 1.953046313691339630e+00
1.066769618908061379e-01 -1.866137384591025139e+01 2.901870785748192461e+00
4.354124758182398858e-01 -1.913292411175465446e+01 4.206586819082259510e+00
1.396703910565429307e+00 -1.827545129651535660e+01 5.051089211825303238e+00
5.186756956492530879e-01 -1.659656578315623676e+01 6.113012454930879080e+00
5.137046710123299720e-01 -1.686996884472405256e+01 7.979548619451769298e+00
6.924282758498105927e-01 -1.608744524509603124e+01 9.111728767321308098e+00
4.921508435393672776e-01 -1.415482118247962617e+01 9.230674663281204673e+00
1.307580727309816115e+00 -1.396059211767412656e+01 9.486245565050982265e+00
4.284371060450057889e-01 -1.244876638888951170e+01 1.081966246475636240e+01
7.536270677221543757e-01 -1.107587914343330304e+01 1.063211205280593497e+01
1.268708450836329327e+00 -9.465909826612131539e+00 1.067202694846087851e+01
9.852611593492124342e-01 -8.117132646419021214e+00 1.056202173075184270e+01
6.394821493775473265e-01 -7.577240690771222198e+00 1.040789046401101992e+01
1.318394925869456724e+00 -6.087330903637536039e+00 9.932499432595077948e+00
9.049431004343174711e-01 -4.488928053873599389e+00 9.129032194551919943e+00
6.688673474990932677e-01 -3.177937178437193033e+00 8.263852325514283947e+00
1.631536735936783278e-01 -2.143886660916849873e+00 8.760633454695812006e+00
1.012514113141281952e-01 -2.263378924032651618e+00 7.422160728806478147e+00
4.267855036848973715e-01 -6.343382979035573355e-01 5.506691560164802546e+00
6.848333548370765245e-01 -7.478168083131193633e-01 4.837117143698457689e+00
1.040309954398941361e+00 2.556315357765733820e-01 4.431203384441371185e+00
1.262579256291412877e+00 7.446916675814128084e-01 3.182851190693388510e+00
2.660850178318334147e-01 6.912132265067634229e-01 1.120041291094716174e+00
9.374900656399730581e-01 1.463871671758776305e-01 6.871951023291187344e-01
5.557342945090456565e-01 9.912240132641649826e-01 -4.973574234358766333e-01
1.410324064440844571e+00 7.585922400718791980e-02 -1.865752069641231303e+00
1.495496339328043378e+00 -7.950545497029682940e-01 -3.217634373192055364e+00
1.090835424612697668e+00 -9.325401033458046163e-01 -5.038505364806725062e+00
2.600680811390139735e-01 -1.768031360319815448e+00 -5.084456338790895202e+00
6.029863728074595919e-01 -2.893941305393493479e+00 -6.473620823212149489e+00
6.560486098138810229e-01 -3.358500760053634071e+00 -7.519982104218209784e+00
4.295524922552936276e-01 -5.321378331017380781e+00 -7.638471388722062549e+00
9.884835452487897856e-01 -6.180812314993877621e+00 -8.635672895311291342e+00
8.713789507876833484e-01 -7.019427013248253466e+00 -8.397878305601194526e+00
1.167947391657271128e+00 -8.580132019676380395e+00 -9.445693085951713641e+00
9.176733271885795240e-01 -1.007702664236959933e+01 -8.593626104584197734e+00
6.814194689890293311e-02 -1.084671533446451797e+01 -9.461787553248107940e+00
7.890864931593297715e-01 -1.277686862966087844e+01 -9.250341243471009278e+00
1.483568444812017439e+00 -1.286576130605981305e+01 -8.812584527617936203e+00
6.840728560489760524e-01 -1.513521629019975023e+01 -8.368407972333542943e+00
2.877563026770092458e-01 -1.475846117232875798e+01 -7.350628308042522541e+00
3.715591046843562673e-01 -1.708551814297136318e+01 -6.792002702907753431e+00
1.493010318598655184e+00 -1.690384674278622157e+01 -4.600587983215896237e+00
1.253539014804923912e+00 -1.753921599170324797e+01 -4.524669230585516289e+00
2.536451270100220645e-01 -1.886422927827923957e+01 -3.654527681289592156e+00
2.631604921932879093e-01 -1.859312003692235393e+01 -1.799989653629784581e+00
1.573095210406649444e-02 -1.946081642344352147e+01 -4.441069032782074544e-03
1.276426546892872604e+00 -1.890577249512089963e+01 1.097165853782573031e+00
